{
 "cells": [
  {
   "cell_type": "code",
   "execution_count": 20,
   "metadata": {},
   "outputs": [],
   "source": [
    "import numpy as np\n",
    "import pandas as pd"
   ]
  },
  {
   "cell_type": "code",
   "execution_count": 37,
   "metadata": {},
   "outputs": [],
   "source": [
    "data = pd.read_csv(\"left.csv\")\n",
    "data.to_csv('left1.csv', header = False)\n",
    "data = pd.read_csv(\"left1.csv\")"
   ]
  },
  {
   "cell_type": "code",
   "execution_count": 45,
   "metadata": {},
   "outputs": [],
   "source": [
    "data1 = pd.read_csv(\"right.csv\")\n",
    "data1.to_csv('right1.csv', header = False)\n",
    "data1 = pd.read_csv(\"right1.csv\")"
   ]
  },
  {
   "cell_type": "code",
   "execution_count": 46,
   "metadata": {},
   "outputs": [
    {
     "data": {
      "text/html": [
       "<div>\n",
       "<style scoped>\n",
       "    .dataframe tbody tr th:only-of-type {\n",
       "        vertical-align: middle;\n",
       "    }\n",
       "\n",
       "    .dataframe tbody tr th {\n",
       "        vertical-align: top;\n",
       "    }\n",
       "\n",
       "    .dataframe thead th {\n",
       "        text-align: right;\n",
       "    }\n",
       "</style>\n",
       "<table border=\"1\" class=\"dataframe\">\n",
       "  <thead>\n",
       "    <tr style=\"text-align: right;\">\n",
       "      <th></th>\n",
       "      <th>Timestamp</th>\n",
       "      <th>EEG.Counter</th>\n",
       "      <th>EEG.Interpolated</th>\n",
       "      <th>EEG.AF3</th>\n",
       "      <th>EEG.F7</th>\n",
       "      <th>EEG.F3</th>\n",
       "      <th>EEG.FC5</th>\n",
       "      <th>EEG.T7</th>\n",
       "      <th>EEG.P7</th>\n",
       "      <th>EEG.O1</th>\n",
       "      <th>...</th>\n",
       "      <th>EQ.T7</th>\n",
       "      <th>EQ.P7</th>\n",
       "      <th>EQ.O1</th>\n",
       "      <th>EQ.O2</th>\n",
       "      <th>EQ.P8</th>\n",
       "      <th>EQ.T8</th>\n",
       "      <th>EQ.FC6</th>\n",
       "      <th>EQ.F4</th>\n",
       "      <th>EQ.F8</th>\n",
       "      <th>EQ.AF4</th>\n",
       "    </tr>\n",
       "  </thead>\n",
       "  <tbody>\n",
       "    <tr>\n",
       "      <th>0</th>\n",
       "      <td>1.638428e+09</td>\n",
       "      <td>85.0</td>\n",
       "      <td>0.0</td>\n",
       "      <td>4218.717773</td>\n",
       "      <td>4304.743652</td>\n",
       "      <td>4117.692383</td>\n",
       "      <td>4174.487305</td>\n",
       "      <td>4272.436035</td>\n",
       "      <td>4294.487305</td>\n",
       "      <td>4284.871582</td>\n",
       "      <td>...</td>\n",
       "      <td>NaN</td>\n",
       "      <td>NaN</td>\n",
       "      <td>NaN</td>\n",
       "      <td>NaN</td>\n",
       "      <td>NaN</td>\n",
       "      <td>NaN</td>\n",
       "      <td>NaN</td>\n",
       "      <td>NaN</td>\n",
       "      <td>NaN</td>\n",
       "      <td>NaN</td>\n",
       "    </tr>\n",
       "    <tr>\n",
       "      <th>1</th>\n",
       "      <td>1.638428e+09</td>\n",
       "      <td>86.0</td>\n",
       "      <td>0.0</td>\n",
       "      <td>4223.461426</td>\n",
       "      <td>4318.205078</td>\n",
       "      <td>4125.384766</td>\n",
       "      <td>4169.743652</td>\n",
       "      <td>4271.282227</td>\n",
       "      <td>4292.563965</td>\n",
       "      <td>4292.563965</td>\n",
       "      <td>...</td>\n",
       "      <td>NaN</td>\n",
       "      <td>NaN</td>\n",
       "      <td>NaN</td>\n",
       "      <td>NaN</td>\n",
       "      <td>NaN</td>\n",
       "      <td>NaN</td>\n",
       "      <td>NaN</td>\n",
       "      <td>NaN</td>\n",
       "      <td>NaN</td>\n",
       "      <td>NaN</td>\n",
       "    </tr>\n",
       "    <tr>\n",
       "      <th>2</th>\n",
       "      <td>1.638428e+09</td>\n",
       "      <td>87.0</td>\n",
       "      <td>0.0</td>\n",
       "      <td>4228.846191</td>\n",
       "      <td>4323.589844</td>\n",
       "      <td>4137.948730</td>\n",
       "      <td>4180.128418</td>\n",
       "      <td>4275.256348</td>\n",
       "      <td>4302.692383</td>\n",
       "      <td>4309.358887</td>\n",
       "      <td>...</td>\n",
       "      <td>NaN</td>\n",
       "      <td>NaN</td>\n",
       "      <td>NaN</td>\n",
       "      <td>NaN</td>\n",
       "      <td>NaN</td>\n",
       "      <td>NaN</td>\n",
       "      <td>NaN</td>\n",
       "      <td>NaN</td>\n",
       "      <td>NaN</td>\n",
       "      <td>NaN</td>\n",
       "    </tr>\n",
       "    <tr>\n",
       "      <th>3</th>\n",
       "      <td>1.638428e+09</td>\n",
       "      <td>88.0</td>\n",
       "      <td>0.0</td>\n",
       "      <td>4220.384766</td>\n",
       "      <td>4309.230957</td>\n",
       "      <td>4125.384766</td>\n",
       "      <td>4187.179688</td>\n",
       "      <td>4281.666504</td>\n",
       "      <td>4304.230957</td>\n",
       "      <td>4304.358887</td>\n",
       "      <td>...</td>\n",
       "      <td>NaN</td>\n",
       "      <td>NaN</td>\n",
       "      <td>NaN</td>\n",
       "      <td>NaN</td>\n",
       "      <td>NaN</td>\n",
       "      <td>NaN</td>\n",
       "      <td>NaN</td>\n",
       "      <td>NaN</td>\n",
       "      <td>NaN</td>\n",
       "      <td>NaN</td>\n",
       "    </tr>\n",
       "    <tr>\n",
       "      <th>4</th>\n",
       "      <td>1.638428e+09</td>\n",
       "      <td>89.0</td>\n",
       "      <td>0.0</td>\n",
       "      <td>4205.128418</td>\n",
       "      <td>4300.897461</td>\n",
       "      <td>4101.153809</td>\n",
       "      <td>4162.307617</td>\n",
       "      <td>4272.948730</td>\n",
       "      <td>4287.692383</td>\n",
       "      <td>4283.205078</td>\n",
       "      <td>...</td>\n",
       "      <td>NaN</td>\n",
       "      <td>NaN</td>\n",
       "      <td>NaN</td>\n",
       "      <td>NaN</td>\n",
       "      <td>NaN</td>\n",
       "      <td>NaN</td>\n",
       "      <td>NaN</td>\n",
       "      <td>NaN</td>\n",
       "      <td>NaN</td>\n",
       "      <td>NaN</td>\n",
       "    </tr>\n",
       "  </tbody>\n",
       "</table>\n",
       "<p>5 rows × 55 columns</p>\n",
       "</div>"
      ],
      "text/plain": [
       "      Timestamp  EEG.Counter  EEG.Interpolated      EEG.AF3       EEG.F7  \\\n",
       "0  1.638428e+09         85.0               0.0  4218.717773  4304.743652   \n",
       "1  1.638428e+09         86.0               0.0  4223.461426  4318.205078   \n",
       "2  1.638428e+09         87.0               0.0  4228.846191  4323.589844   \n",
       "3  1.638428e+09         88.0               0.0  4220.384766  4309.230957   \n",
       "4  1.638428e+09         89.0               0.0  4205.128418  4300.897461   \n",
       "\n",
       "        EEG.F3      EEG.FC5       EEG.T7       EEG.P7       EEG.O1  ...  \\\n",
       "0  4117.692383  4174.487305  4272.436035  4294.487305  4284.871582  ...   \n",
       "1  4125.384766  4169.743652  4271.282227  4292.563965  4292.563965  ...   \n",
       "2  4137.948730  4180.128418  4275.256348  4302.692383  4309.358887  ...   \n",
       "3  4125.384766  4187.179688  4281.666504  4304.230957  4304.358887  ...   \n",
       "4  4101.153809  4162.307617  4272.948730  4287.692383  4283.205078  ...   \n",
       "\n",
       "   EQ.T7  EQ.P7  EQ.O1  EQ.O2  EQ.P8  EQ.T8  EQ.FC6  EQ.F4  EQ.F8  EQ.AF4  \n",
       "0    NaN    NaN    NaN    NaN    NaN    NaN     NaN    NaN    NaN     NaN  \n",
       "1    NaN    NaN    NaN    NaN    NaN    NaN     NaN    NaN    NaN     NaN  \n",
       "2    NaN    NaN    NaN    NaN    NaN    NaN     NaN    NaN    NaN     NaN  \n",
       "3    NaN    NaN    NaN    NaN    NaN    NaN     NaN    NaN    NaN     NaN  \n",
       "4    NaN    NaN    NaN    NaN    NaN    NaN     NaN    NaN    NaN     NaN  \n",
       "\n",
       "[5 rows x 55 columns]"
      ]
     },
     "execution_count": 46,
     "metadata": {},
     "output_type": "execute_result"
    }
   ],
   "source": [
    "data1.head()"
   ]
  },
  {
   "cell_type": "code",
   "execution_count": 23,
   "metadata": {},
   "outputs": [],
   "source": [
    "channels = ['EEG.AF3','EEG.F7','EEG.F3','EEG.FC5','EEG.T7','EEG.P7','EEG.O1','EEG.O2','EEG.P8','EEG.T8','EEG.FC6','EEG.F4','EEG.F8','EEG.AF4']"
   ]
  },
  {
   "cell_type": "code",
   "execution_count": 47,
   "metadata": {},
   "outputs": [],
   "source": [
    "XLeftdash = data[channels].to_numpy()\n",
    "XRightdash = data1[channels].to_numpy()"
   ]
  },
  {
   "cell_type": "code",
   "execution_count": 50,
   "metadata": {},
   "outputs": [
    {
     "data": {
      "text/plain": [
       "(649, 14)"
      ]
     },
     "execution_count": 50,
     "metadata": {},
     "output_type": "execute_result"
    }
   ],
   "source": [
    "XRightdash.shape"
   ]
  },
  {
   "cell_type": "code",
   "execution_count": 51,
   "metadata": {},
   "outputs": [],
   "source": [
    "XLeft = np.transpose(XLeftdash)\n",
    "XRight = np.transpose(XRightdash)"
   ]
  },
  {
   "cell_type": "code",
   "execution_count": 52,
   "metadata": {},
   "outputs": [
    {
     "data": {
      "text/plain": [
       "(14, 649)"
      ]
     },
     "execution_count": 52,
     "metadata": {},
     "output_type": "execute_result"
    }
   ],
   "source": [
    "XLeft.shape"
   ]
  },
  {
   "cell_type": "code",
   "execution_count": 32,
   "metadata": {},
   "outputs": [],
   "source": [
    "product = np.matmul(X,Xdash)"
   ]
  },
  {
   "cell_type": "code",
   "execution_count": 35,
   "metadata": {},
   "outputs": [
    {
     "data": {
      "text/plain": [
       "array([[1.13515990e+10, 1.16208133e+10, 1.10554232e+10, 1.12038373e+10,\n",
       "        1.15359532e+10, 1.16319869e+10, 1.16271959e+10, 1.17994749e+10,\n",
       "        1.17345400e+10, 1.15028132e+10, 1.19457995e+10, 1.15455426e+10,\n",
       "        1.19958788e+10, 1.18772744e+10],\n",
       "       [1.16208133e+10, 1.18964515e+10, 1.13176148e+10, 1.14695579e+10,\n",
       "        1.18095560e+10, 1.19078652e+10, 1.19029651e+10, 1.20793234e+10,\n",
       "        1.20128484e+10, 1.17756138e+10, 1.22291144e+10, 1.18193519e+10,\n",
       "        1.22803875e+10, 1.21589690e+10],\n",
       "       [1.10554232e+10, 1.13176148e+10, 1.07670225e+10, 1.09115302e+10,\n",
       "        1.12349674e+10, 1.13284992e+10, 1.13238584e+10, 1.14916495e+10,\n",
       "        1.14283995e+10, 1.12027066e+10, 1.16341511e+10, 1.12443606e+10,\n",
       "        1.16829087e+10, 1.15673881e+10],\n",
       "       [1.12038373e+10, 1.14695579e+10, 1.09115302e+10, 1.10580309e+10,\n",
       "        1.13858002e+10, 1.14805830e+10, 1.14758619e+10, 1.16458955e+10,\n",
       "        1.15818010e+10, 1.13530832e+10, 1.17903138e+10, 1.13952744e+10,\n",
       "        1.18397368e+10, 1.17226687e+10],\n",
       "       [1.15359532e+10, 1.18095560e+10, 1.12349674e+10, 1.13858002e+10,\n",
       "        1.17233700e+10, 1.18209542e+10, 1.18160729e+10, 1.19911224e+10,\n",
       "        1.19251395e+10, 1.16896360e+10, 1.21397949e+10, 1.17330107e+10,\n",
       "        1.21907030e+10, 1.20702062e+10],\n",
       "       [1.16319869e+10, 1.19078652e+10, 1.13284992e+10, 1.14805830e+10,\n",
       "        1.18209542e+10, 1.19193994e+10, 1.19144966e+10, 1.20909865e+10,\n",
       "        1.20244409e+10, 1.17869583e+10, 1.22408698e+10, 1.18306937e+10,\n",
       "        1.22921961e+10, 1.21706983e+10],\n",
       "       [1.16271959e+10, 1.19029651e+10, 1.13238584e+10, 1.14758619e+10,\n",
       "        1.18160729e+10, 1.19144966e+10, 1.19096541e+10, 1.20860649e+10,\n",
       "        1.20195254e+10, 1.17821175e+10, 1.22358571e+10, 1.18258616e+10,\n",
       "        1.22871448e+10, 1.21656913e+10],\n",
       "       [1.17994749e+10, 1.20793234e+10, 1.14916495e+10, 1.16458955e+10,\n",
       "        1.19911224e+10, 1.20909865e+10, 1.20860649e+10, 1.22651976e+10,\n",
       "        1.21976527e+10, 1.19567110e+10, 1.24171826e+10, 1.20011303e+10,\n",
       "        1.24692142e+10, 1.23459332e+10],\n",
       "       [1.17345400e+10, 1.20128484e+10, 1.14283995e+10, 1.15818010e+10,\n",
       "        1.19251395e+10, 1.20244409e+10, 1.20195254e+10, 1.21976527e+10,\n",
       "        1.21305257e+10, 1.18909289e+10, 1.23488385e+10, 1.19350595e+10,\n",
       "        1.24006000e+10, 1.22779928e+10],\n",
       "       [1.15028132e+10, 1.17756138e+10, 1.12027066e+10, 1.13530832e+10,\n",
       "        1.16896360e+10, 1.17869583e+10, 1.17821175e+10, 1.19567110e+10,\n",
       "        1.18909289e+10, 1.16561153e+10, 1.21049649e+10, 1.16993598e+10,\n",
       "        1.21557107e+10, 1.20355087e+10],\n",
       "       [1.19457995e+10, 1.22291144e+10, 1.16341511e+10, 1.17903138e+10,\n",
       "        1.21397949e+10, 1.22408698e+10, 1.22358571e+10, 1.24171826e+10,\n",
       "        1.23488385e+10, 1.21049649e+10, 1.25711714e+10, 1.21499486e+10,\n",
       "        1.26238459e+10, 1.24989981e+10],\n",
       "       [1.15455426e+10, 1.18193519e+10, 1.12443606e+10, 1.13952744e+10,\n",
       "        1.17330107e+10, 1.18306937e+10, 1.18258616e+10, 1.20011303e+10,\n",
       "        1.19350595e+10, 1.16993598e+10, 1.21499486e+10, 1.17429057e+10,\n",
       "        1.22008493e+10, 1.20801733e+10],\n",
       "       [1.19958788e+10, 1.22803875e+10, 1.16829087e+10, 1.18397368e+10,\n",
       "        1.21907030e+10, 1.22921961e+10, 1.22871448e+10, 1.24692142e+10,\n",
       "        1.24006000e+10, 1.21557107e+10, 1.26238459e+10, 1.22008493e+10,\n",
       "        1.26767955e+10, 1.25514088e+10],\n",
       "       [1.18772744e+10, 1.21589690e+10, 1.15673881e+10, 1.17226687e+10,\n",
       "        1.20702062e+10, 1.21706983e+10, 1.21656913e+10, 1.23459332e+10,\n",
       "        1.22779928e+10, 1.20355087e+10, 1.24989981e+10, 1.20801733e+10,\n",
       "        1.25514088e+10, 1.24273485e+10]])"
      ]
     },
     "execution_count": 35,
     "metadata": {},
     "output_type": "execute_result"
    }
   ],
   "source": [
    "product"
   ]
  },
  {
   "cell_type": "code",
   "execution_count": 53,
   "metadata": {},
   "outputs": [
    {
     "data": {
      "text/plain": [
       "array([  0, 129, 259, 389, 519, 649])"
      ]
     },
     "execution_count": 53,
     "metadata": {},
     "output_type": "execute_result"
    }
   ],
   "source": [
    "np.linspace(0, data['EEG.AF3'].size, 6, dtype=int)"
   ]
  },
  {
   "cell_type": "code",
   "execution_count": 57,
   "metadata": {},
   "outputs": [
    {
     "name": "stdout",
     "output_type": "stream",
     "text": [
      "0\n",
      "1\n",
      "2\n",
      "3\n",
      "4\n"
     ]
    }
   ],
   "source": [
    "for i in range(5):\n",
    "    print(i)"
   ]
  },
  {
   "cell_type": "code",
   "execution_count": 78,
   "metadata": {},
   "outputs": [],
   "source": [
    "indices = np.linspace(0, data['EEG.AF3'].size, 5+1, dtype=int)\n",
    "sum1 = np.zeros(14)\n",
    "sum2 = np.zeros(14)\n",
    "for i in range(5):\n",
    "    XLeftdash = data[channels].iloc[indices[i] : indices[i+1]].to_numpy()\n",
    "    XRightdash = data1[channels].iloc[indices[i] : indices[i+1]].to_numpy()\n",
    "    XLeft = np.transpose(XLeftdash)\n",
    "    XRight = np.transpose(XRightdash)\n",
    "    product_left = np.matmul(XLeft,XLeftdash)\n",
    "    product_right = np.matmul(XRight,XRightdash)\n",
    "    R_left = product_left / np.trace(product_left)\n",
    "    R_right = product_right / np.trace(product_right)\n",
    "    sum1 = np.add(sum1,R_left)\n",
    "    sum2 = np.add(sum2,R_right)\n",
    "R_left_avg = sum1/5\n",
    "R_right_avg = sum2/5"
   ]
  },
  {
   "cell_type": "code",
   "execution_count": 83,
   "metadata": {},
   "outputs": [
    {
     "data": {
      "text/plain": [
       "array([[0.34066442, 0.34930957, 0.33213011, 0.33687682, 0.34680975,\n",
       "        0.3498146 , 0.34911414, 0.35506438, 0.35306341, 0.34591038,\n",
       "        0.35887207, 0.34681745, 0.36065778, 0.35689597],\n",
       "       [0.34930957, 0.35817977, 0.34055832, 0.34543036, 0.35561298,\n",
       "        0.35869299, 0.35797534, 0.36407438, 0.36202212, 0.3546881 ,\n",
       "        0.36797887, 0.35561688, 0.36981108, 0.36595365],\n",
       "       [0.33213011, 0.34055832, 0.32381309, 0.32843816, 0.33812116,\n",
       "        0.34105119, 0.34036959, 0.34617054, 0.34421919, 0.33724527,\n",
       "        0.34988263, 0.33813249, 0.35162288, 0.34795469],\n",
       "       [0.33687682, 0.34543036, 0.32843816, 0.33313734, 0.3429561 ,\n",
       "        0.34592595, 0.34523476, 0.35111508, 0.34913605, 0.34206315,\n",
       "        0.35488065, 0.34296038, 0.35664753, 0.35292793],\n",
       "       [0.34680975, 0.35561298, 0.33812116, 0.3429561 , 0.35306968,\n",
       "        0.35612803, 0.35541449, 0.36147038, 0.35943302, 0.35215079,\n",
       "        0.36534491, 0.35307161, 0.3671628 , 0.36333609],\n",
       "       [0.3498146 , 0.35869299, 0.34105119, 0.34592595, 0.35612803,\n",
       "        0.35921532, 0.3584957 , 0.3646044 , 0.36254897, 0.35520303,\n",
       "        0.36851155, 0.3561319 , 0.37034429, 0.36648454],\n",
       "       [0.34911414, 0.35797534, 0.34036959, 0.34523476, 0.35541449,\n",
       "        0.3584957 , 0.35779294, 0.36387833, 0.36182515, 0.35449265,\n",
       "        0.36777529, 0.35542185, 0.36960129, 0.3657503 ],\n",
       "       [0.35506438, 0.36407438, 0.34617054, 0.35111508, 0.36147038,\n",
       "        0.3646044 , 0.36387833, 0.37008549, 0.3679965 , 0.36053807,\n",
       "        0.37404758, 0.3614819 , 0.37590394, 0.37198503],\n",
       "       [0.35306341, 0.36202212, 0.34421919, 0.34913605, 0.35943302,\n",
       "        0.36254897, 0.36182515, 0.3679965 , 0.36592146, 0.358506  ,\n",
       "        0.37193856, 0.3594435 , 0.3737855 , 0.36988811],\n",
       "       [0.34591038, 0.3546881 , 0.33724527, 0.34206315, 0.35215079,\n",
       "        0.35520303, 0.35449265, 0.36053807, 0.358506  , 0.3512423 ,\n",
       "        0.36440238, 0.35216035, 0.36621327, 0.36239358],\n",
       "       [0.35887207, 0.36797887, 0.34988263, 0.35488065, 0.36534491,\n",
       "        0.36851155, 0.36777529, 0.37404758, 0.37193856, 0.36440238,\n",
       "        0.37805833, 0.36535747, 0.37993632, 0.37597192],\n",
       "       [0.34681745, 0.35561688, 0.33813249, 0.34296038, 0.35307161,\n",
       "        0.3561319 , 0.35542185, 0.3614819 , 0.3594435 , 0.35216035,\n",
       "        0.36535747, 0.35308803, 0.36717297, 0.36334124],\n",
       "       [0.36065778, 0.36981108, 0.35162288, 0.35664753, 0.3671628 ,\n",
       "        0.37034429, 0.36960129, 0.37590394, 0.3737855 , 0.36621327,\n",
       "        0.37993632, 0.36717297, 0.38182854, 0.3778417 ],\n",
       "       [0.35689597, 0.36595365, 0.34795469, 0.35292793, 0.36333609,\n",
       "        0.36648454, 0.3657503 , 0.37198503, 0.36988811, 0.36239358,\n",
       "        0.37597192, 0.36334124, 0.3778417 , 0.37390329]])"
      ]
     },
     "execution_count": 83,
     "metadata": {},
     "output_type": "execute_result"
    }
   ],
   "source": [
    "sum1"
   ]
  },
  {
   "cell_type": "code",
   "execution_count": 84,
   "metadata": {},
   "outputs": [
    {
     "data": {
      "text/plain": [
       "array([[0.06813288, 0.06986191, 0.06642602, 0.06737536, 0.06936195,\n",
       "        0.06996292, 0.06982283, 0.07101288, 0.07061268, 0.06918208,\n",
       "        0.07177441, 0.06936349, 0.07213156, 0.07137919],\n",
       "       [0.06986191, 0.07163595, 0.06811166, 0.06908607, 0.0711226 ,\n",
       "        0.0717386 , 0.07159507, 0.07281488, 0.07240442, 0.07093762,\n",
       "        0.07359577, 0.07112338, 0.07396222, 0.07319073],\n",
       "       [0.06642602, 0.06811166, 0.06476262, 0.06568763, 0.06762423,\n",
       "        0.06821024, 0.06807392, 0.06923411, 0.06884384, 0.06744905,\n",
       "        0.06997653, 0.0676265 , 0.07032458, 0.06959094],\n",
       "       [0.06737536, 0.06908607, 0.06568763, 0.06662747, 0.06859122,\n",
       "        0.06918519, 0.06904695, 0.07022302, 0.06982721, 0.06841263,\n",
       "        0.07097613, 0.06859208, 0.07132951, 0.07058559],\n",
       "       [0.06936195, 0.0711226 , 0.06762423, 0.06859122, 0.07061394,\n",
       "        0.07122561, 0.0710829 , 0.07229408, 0.0718866 , 0.07043016,\n",
       "        0.07306898, 0.07061432, 0.07343256, 0.07266722],\n",
       "       [0.06996292, 0.0717386 , 0.06821024, 0.06918519, 0.07122561,\n",
       "        0.07184306, 0.07169914, 0.07292088, 0.07250979, 0.07104061,\n",
       "        0.07370231, 0.07122638, 0.07406886, 0.07329691],\n",
       "       [0.06982283, 0.07159507, 0.06807392, 0.06904695, 0.0710829 ,\n",
       "        0.07169914, 0.07155859, 0.07277567, 0.07236503, 0.07089853,\n",
       "        0.07355506, 0.07108437, 0.07392026, 0.07315006],\n",
       "       [0.07101288, 0.07281488, 0.06923411, 0.07022302, 0.07229408,\n",
       "        0.07292088, 0.07277567, 0.0740171 , 0.0735993 , 0.07210761,\n",
       "        0.07480952, 0.07229638, 0.07518079, 0.07439701],\n",
       "       [0.07061268, 0.07240442, 0.06884384, 0.06982721, 0.0718866 ,\n",
       "        0.07250979, 0.07236503, 0.0735993 , 0.07318429, 0.0717012 ,\n",
       "        0.07438771, 0.0718887 , 0.0747571 , 0.07397762],\n",
       "       [0.06918208, 0.07093762, 0.06744905, 0.06841263, 0.07043016,\n",
       "        0.07104061, 0.07089853, 0.07210761, 0.0717012 , 0.07024846,\n",
       "        0.07288048, 0.07043207, 0.07324265, 0.07247872],\n",
       "       [0.07177441, 0.07359577, 0.06997653, 0.07097613, 0.07306898,\n",
       "        0.07370231, 0.07355506, 0.07480952, 0.07438771, 0.07288048,\n",
       "        0.07561167, 0.07307149, 0.07598726, 0.07519438],\n",
       "       [0.06936349, 0.07112338, 0.0676265 , 0.06859208, 0.07061432,\n",
       "        0.07122638, 0.07108437, 0.07229638, 0.0718887 , 0.07043207,\n",
       "        0.07307149, 0.07061761, 0.07343459, 0.07266825],\n",
       "       [0.07213156, 0.07396222, 0.07032458, 0.07132951, 0.07343256,\n",
       "        0.07406886, 0.07392026, 0.07518079, 0.0747571 , 0.07324265,\n",
       "        0.07598726, 0.07343459, 0.07636571, 0.07556834],\n",
       "       [0.07137919, 0.07319073, 0.06959094, 0.07058559, 0.07266722,\n",
       "        0.07329691, 0.07315006, 0.07439701, 0.07397762, 0.07247872,\n",
       "        0.07519438, 0.07266825, 0.07556834, 0.07478066]])"
      ]
     },
     "execution_count": 84,
     "metadata": {},
     "output_type": "execute_result"
    }
   ],
   "source": [
    "R_left_avg"
   ]
  },
  {
   "cell_type": "code",
   "execution_count": 82,
   "metadata": {},
   "outputs": [
    {
     "data": {
      "text/plain": [
       "array([[0.2, 0. , 0. , 0. , 0. , 0. , 0. , 0. , 0. , 0. , 0. , 0. , 0. ,\n",
       "        0. ],\n",
       "       [0. , 0.2, 0. , 0. , 0. , 0. , 0. , 0. , 0. , 0. , 0. , 0. , 0. ,\n",
       "        0. ],\n",
       "       [0. , 0. , 0.2, 0. , 0. , 0. , 0. , 0. , 0. , 0. , 0. , 0. , 0. ,\n",
       "        0. ],\n",
       "       [0. , 0. , 0. , 0.2, 0. , 0. , 0. , 0. , 0. , 0. , 0. , 0. , 0. ,\n",
       "        0. ],\n",
       "       [0. , 0. , 0. , 0. , 0.2, 0. , 0. , 0. , 0. , 0. , 0. , 0. , 0. ,\n",
       "        0. ],\n",
       "       [0. , 0. , 0. , 0. , 0. , 0.2, 0. , 0. , 0. , 0. , 0. , 0. , 0. ,\n",
       "        0. ],\n",
       "       [0. , 0. , 0. , 0. , 0. , 0. , 0.2, 0. , 0. , 0. , 0. , 0. , 0. ,\n",
       "        0. ],\n",
       "       [0. , 0. , 0. , 0. , 0. , 0. , 0. , 0.2, 0. , 0. , 0. , 0. , 0. ,\n",
       "        0. ],\n",
       "       [0. , 0. , 0. , 0. , 0. , 0. , 0. , 0. , 0.2, 0. , 0. , 0. , 0. ,\n",
       "        0. ],\n",
       "       [0. , 0. , 0. , 0. , 0. , 0. , 0. , 0. , 0. , 0.2, 0. , 0. , 0. ,\n",
       "        0. ],\n",
       "       [0. , 0. , 0. , 0. , 0. , 0. , 0. , 0. , 0. , 0. , 0.2, 0. , 0. ,\n",
       "        0. ],\n",
       "       [0. , 0. , 0. , 0. , 0. , 0. , 0. , 0. , 0. , 0. , 0. , 0.2, 0. ,\n",
       "        0. ],\n",
       "       [0. , 0. , 0. , 0. , 0. , 0. , 0. , 0. , 0. , 0. , 0. , 0. , 0.2,\n",
       "        0. ],\n",
       "       [0. , 0. , 0. , 0. , 0. , 0. , 0. , 0. , 0. , 0. , 0. , 0. , 0. ,\n",
       "        0.2]])"
      ]
     },
     "execution_count": 82,
     "metadata": {},
     "output_type": "execute_result"
    }
   ],
   "source": [
    "np.identity(14)/5"
   ]
  },
  {
   "cell_type": "code",
   "execution_count": null,
   "metadata": {},
   "outputs": [],
   "source": []
  }
 ],
 "metadata": {
  "kernelspec": {
   "display_name": "Python 3",
   "language": "python",
   "name": "python3"
  },
  "language_info": {
   "codemirror_mode": {
    "name": "ipython",
    "version": 3
   },
   "file_extension": ".py",
   "mimetype": "text/x-python",
   "name": "python",
   "nbconvert_exporter": "python",
   "pygments_lexer": "ipython3",
   "version": "3.8.5"
  }
 },
 "nbformat": 4,
 "nbformat_minor": 4
}
